  0.00    0.000000           0         1         1 access
  0.00    0.000000           0         1           arch_prctl
  6.63    0.000041          10         4           brk
  0.00    0.000000           0         3           close
  0.00    0.000000           0         1           execve
  1.94    0.000012           3         4           fstat
  0.00    0.000000           0         8           mmap
  0.00    0.000000           0         6           mprotect
  0.00    0.000000           0         1           munmap
  0.00    0.000000           0         3           open
  2.10    0.000013          13         1           prctl
  0.00    0.000000           0         2           read
 89.32    0.000552         276         2         1 seccomp
